[gd_scene load_steps=13 format=3 uid="uid://bnrkuyntlrd4g"]

[ext_resource type="Texture2D" uid="uid://p00qq348po84" path="res://icon.svg" id="1_nnsk1"]
[ext_resource type="PackedScene" uid="uid://1npejj82gb3u" path="res://scenes/npc.tscn" id="2_4wyf3"]
[ext_resource type="PackedScene" uid="uid://ljkmuiuyun8n" path="res://scenes/player.tscn" id="2_rwgxs"]

[sub_resource type="ProceduralSkyMaterial" id="ProceduralSkyMaterial_nnsk1"]
sky_horizon_color = Color(0.66224277, 0.6717428, 0.6867428, 1)
ground_horizon_color = Color(0.66224277, 0.6717428, 0.6867428, 1)

[sub_resource type="Sky" id="Sky_rwgxs"]
sky_material = SubResource("ProceduralSkyMaterial_nnsk1")

[sub_resource type="Environment" id="Environment_4wyf3"]
background_mode = 2
sky = SubResource("Sky_rwgxs")
tonemap_mode = 2
glow_enabled = true

[sub_resource type="StandardMaterial3D" id="StandardMaterial3D_rwgxs"]
albedo_texture = ExtResource("1_nnsk1")
uv1_triplanar = true

[sub_resource type="BoxMesh" id="BoxMesh_4wyf3"]
size = Vector3(20, 0.1, 20)

[sub_resource type="BoxShape3D" id="BoxShape3D_nnsk1"]
size = Vector3(20, 0.1, 20)

[sub_resource type="BoxMesh" id="BoxMesh_nnsk1"]
size = Vector3(4, 2, 3)

[sub_resource type="PrismMesh" id="PrismMesh_nnsk1"]
size = Vector3(4.5, 1, 3.5)

[sub_resource type="BoxShape3D" id="BoxShape3D_rwgxs"]
size = Vector3(4.6208496, 3, 3.5544434)

[node name="World" type="Node3D"]

[node name="WorldEnvironment" type="WorldEnvironment" parent="."]
environment = SubResource("Environment_4wyf3")

[node name="DirectionalLight3D" type="DirectionalLight3D" parent="."]
transform = Transform3D(-0.8660254, -0.43301278, 0.25, 0, 0.49999997, 0.86602545, -0.50000006, 0.75, -0.43301266, 0, 0, 0)
shadow_enabled = true

[node name="Ground" type="StaticBody3D" parent="."]
transform = Transform3D(1, 0, 0, 0, 1, 0, 0, 0, 1, 0, -0.05, 0)

[node name="MeshInstance3D" type="MeshInstance3D" parent="Ground"]
material_override = SubResource("StandardMaterial3D_rwgxs")
mesh = SubResource("BoxMesh_4wyf3")
skeleton = NodePath("../..")

[node name="CollisionShape3D" type="CollisionShape3D" parent="Ground"]
shape = SubResource("BoxShape3D_nnsk1")

[node name="House" type="StaticBody3D" parent="."]
transform = Transform3D(0.9259563, 0, -0.3776307, 0, 1, 0, 0.3776307, 0, 0.9259563, 3.9749699, 0, -5.7333736)

[node name="MeshInstance3D" type="MeshInstance3D" parent="House"]
transform = Transform3D(1, 0, 0, 0, 1, 0, 0, 0, 1, 0, 1, 0)
mesh = SubResource("BoxMesh_nnsk1")

[node name="MeshInstance3D2" type="MeshInstance3D" parent="House"]
transform = Transform3D(1, 0, 0, 0, 1, 0, 0, 0, 1, 0, 2.4543817, 0)
mesh = SubResource("PrismMesh_nnsk1")

[node name="CollisionShape3D" type="CollisionShape3D" parent="House"]
transform = Transform3D(1, 0, 0, 0, 1, 0, 0, 0, 1, 0, 1.5135064, 0)
shape = SubResource("BoxShape3D_rwgxs")

[node name="Dude" parent="." instance=ExtResource("2_4wyf3")]
transform = Transform3D(-0.9387339, 0, 0.34464285, 0, 1, 0, -0.34464285, 0, -0.9387339, 3.6320148, 0, -2.8152778)

[node name="Player" parent="." instance=ExtResource("2_rwgxs")]
